# OBJ file created by ply_to_obj.c
#
g icosahedron

v 0.250000 0.095492 0.500000
v 0.500000 0.250000 0.404508
v 0.500000 0.250000 0.095492
v 0.000000 0.250000 0.095492
v 0.000000 0.250000 0.404508
v 0.095492 0.500000 0.250000
v 0.404508 0.500000 0.250000
v 0.404508 0.000000 0.250000
v 0.095492 0.000000 0.250000
v 0.250000 0.095492 0.000000
v 0.250000 0.404508 0.000000
v 0.250000 0.404508 0.500000

f 2 3 7
f 2 8 3
f 4 5 6
f 5 4 9
f 7 6 12
f 6 7 11
f 10 11 3
f 11 10 4
f 8 9 10
f 9 8 1
f 12 1 2
f 1 12 5
f 7 3 11
f 2 7 12
f 4 6 11
f 6 5 12
f 3 8 10
f 8 2 1
f 4 10 9
f 5 9 1