# Normalized vertices

v 0.73 0.49 0.43
v 0.93 0.50 1.00
v 0.97 0.49 1.00
v 0.91 0.50 0.55
v 0.73 0.45 0.41
v 0.86 0.44 0.48
v 0.73 0.44 0.40
v 0.73 0.41 0.38
v 0.73 0.40 0.36
v 0.73 0.39 0.27
v 0.72 0.38 0.09
v 0.94 0.38 0.04
v 0.78 0.04 0.09
v 0.82 0.00 0.07
v 0.73 0.04 0.10
v 0.74 0.01 0.08
v 0.70 0.04 0.07
v 0.58 0.24 0.05
v 0.60 0.39 0.28
v 0.60 0.39 0.32
v 0.60 0.40 0.36
v 0.60 0.41 0.37
v 0.60 0.43 0.40
v 0.60 0.45 0.41
v 0.20 0.39 0.28
v 0.20 0.40 0.32
v 0.20 0.43 0.38
v 0.18 0.39 0.26
v 0.18 0.41 0.31
v 0.18 0.41 0.32
v 0.19 0.43 0.37
v 0.18 0.45 0.39
v 0.14 0.49 0.35
v 0.16 0.41 0.29
v 0.16 0.40 0.24
v 0.08 0.43 0.17
v 0.08 0.43 0.22
v 0.08 0.47 0.27
v 0.00 0.50 0.13
v 0.60 0.38 0.01
v 0.73 0.51 0.43
v 0.73 0.50 0.48
v 0.97 0.51 1.00
v 0.73 0.55 0.41
v 0.86 0.56 0.48
v 0.73 0.56 0.40
v 0.73 0.59 0.38
v 0.86 0.62 0.47
v 0.73 0.60 0.36
v 0.73 0.61 0.33
v 0.86 0.65 0.33
v 0.73 0.61 0.27
v 0.72 0.62 0.09
v 0.86 0.64 0.02
v 0.78 0.96 0.09
v 0.82 1.00 0.07
v 0.73 0.96 0.10
v 0.74 0.99 0.08
v 0.60 0.62 0.13
v 0.70 0.96 0.07
v 0.53 0.71 0.05
v 0.60 0.61 0.28
v 0.60 0.61 0.32
v 0.60 0.60 0.36
v 0.60 0.59 0.37
v 0.60 0.57 0.40
v 0.60 0.55 0.41
v 0.20 0.61 0.28
v 0.20 0.60 0.32
v 0.20 0.57 0.38
v 0.20 0.55 0.41
v 0.20 0.52 0.43
v 0.18 0.61 0.26
v 0.18 0.59 0.31
v 0.18 0.59 0.32
v 0.18 0.55 0.39
v 0.18 0.52 0.42
v 0.16 0.52 0.39
v 0.16 0.59 0.29
v 0.16 0.60 0.24
v 0.08 0.57 0.17
v 0.08 0.57 0.11
v 0.08 0.57 0.22
v 0.08 0.56 0.24
v 0.08 0.53 0.27
v 0.60 0.62 0.01
v 0.14 0.51 0.35
v 0.16 0.48 0.39
v 0.18 0.48 0.42
v 0.20 0.48 0.43
v 0.60 0.49 0.43
v 0.60 0.51 0.43
v 0.73 0.50 0.48
v 0.93 0.50 1.00
v 1.00 0.50 1.00
v 0.86 0.49 0.46
v 0.87 0.36 0.05
v 0.94 0.62 0.04
v 0.72 0.38 0.00
v 0.72 0.62 0.00
v 0.08 0.43 0.11
v 0.18 0.39 0.07
v 0.53 0.29 0.05
v 0.86 0.34 0.38
v 0.86 0.41 0.50
v 0.86 0.38 0.47
v 0.86 0.59 0.50
v 0.04 0.47 0.20
v 0.04 0.51 0.21
v 0.04 0.53 0.20
v 0.04 0.54 0.12
v 0.04 0.54 0.16
v 0.04 0.54 0.18
v 0.04 0.51 0.22
v 0.04 0.46 0.18
v 0.04 0.46 0.16
v 0.04 0.46 0.12
v 0.04 0.49 0.21
v 0.04 0.49 0.22
v 0.88 0.47 0.16
v 0.88 0.46 0.16
v 0.90 0.47 0.17
v 0.92 0.48 0.18
v 0.95 0.49 0.19
v 0.95 0.48 0.19
v 0.93 0.47 0.18
v 0.91 0.46 0.17
v 0.86 0.47 0.24
v 0.88 0.46 0.21
v 0.88 0.45 0.19
v 0.89 0.46 0.22
v 0.92 0.46 0.24
v 0.94 0.46 0.26
v 0.94 0.46 0.24
v 0.92 0.46 0.23
v 0.91 0.45 0.21
v 0.86 0.41 0.24
v 0.88 0.42 0.21
v 0.88 0.43 0.19
v 0.89 0.42 0.22
v 0.92 0.42 0.24
v 0.94 0.42 0.26
v 0.94 0.42 0.24
v 0.92 0.42 0.23
v 0.91 0.43 0.21
v 0.90 0.44 0.17
v 0.88 0.41 0.16
v 0.88 0.42 0.16
v 0.90 0.41 0.17
v 0.92 0.40 0.18
v 0.95 0.39 0.19
v 0.95 0.40 0.19
v 0.93 0.41 0.18
v 0.91 0.42 0.17
v 0.87 0.41 0.08
v 0.88 0.42 0.11
v 0.88 0.43 0.14
v 0.90 0.42 0.12
v 0.92 0.42 0.12
v 0.95 0.42 0.12
v 0.95 0.42 0.13
v 0.93 0.42 0.13
v 0.91 0.43 0.14
v 0.88 0.46 0.11
v 0.88 0.45 0.14
v 0.90 0.46 0.12
v 0.92 0.46 0.12
v 0.95 0.46 0.12
v 0.95 0.46 0.13
v 0.93 0.46 0.13
v 0.91 0.45 0.14
v 0.88 0.54 0.21
v 0.88 0.53 0.16
v 0.88 0.55 0.19
v 0.88 0.54 0.16
v 0.89 0.54 0.22
v 0.90 0.53 0.17
v 0.92 0.54 0.24
v 0.92 0.52 0.18
v 0.94 0.54 0.26
v 0.95 0.51 0.19
v 0.94 0.54 0.24
v 0.95 0.52 0.19
v 0.92 0.54 0.23
v 0.93 0.53 0.18
v 0.91 0.55 0.21
v 0.91 0.54 0.17
v 0.88 0.58 0.21
v 0.88 0.57 0.19
v 0.89 0.58 0.22
v 0.92 0.58 0.24
v 0.94 0.58 0.26
v 0.94 0.58 0.24
v 0.92 0.58 0.23
v 0.91 0.57 0.21
v 0.88 0.59 0.16
v 0.88 0.58 0.16
v 0.90 0.59 0.17
v 0.92 0.60 0.18
v 0.95 0.61 0.19
v 0.95 0.60 0.19
v 0.93 0.59 0.18
v 0.91 0.58 0.17
v 0.90 0.56 0.17
v 0.88 0.58 0.11
v 0.88 0.57 0.14
v 0.90 0.58 0.12
v 0.92 0.58 0.12
v 0.95 0.58 0.12
v 0.95 0.58 0.13
v 0.93 0.58 0.13
v 0.91 0.57 0.14
v 0.88 0.54 0.11
v 0.88 0.55 0.14
v 0.90 0.54 0.12
v 0.92 0.54 0.12
v 0.95 0.54 0.12
v 0.95 0.54 0.13
v 0.93 0.54 0.13
v 0.91 0.55 0.14
v 0.87 0.47 0.36
v 0.87 0.48 0.41
v 0.86 0.47 0.44
v 0.87 0.48 0.36
v 0.87 0.49 0.39
v 0.89 0.47 0.36
v 0.89 0.48 0.41
v 0.91 0.46 0.36
v 0.91 0.48 0.42
v 0.94 0.45 0.36
v 0.94 0.48 0.43
v 0.94 0.46 0.36
v 0.94 0.48 0.42
v 0.92 0.47 0.36
v 0.92 0.48 0.41
v 0.90 0.48 0.36
v 0.90 0.49 0.39
v 0.89 0.50 0.36
v 0.87 0.52 0.41
v 0.87 0.51 0.39
v 0.89 0.52 0.41
v 0.91 0.52 0.42
v 0.94 0.52 0.43
v 0.94 0.52 0.42
v 0.92 0.52 0.41
v 0.90 0.51 0.39
v 0.87 0.53 0.36
v 0.86 0.55 0.36
v 0.87 0.52 0.36
v 0.89 0.53 0.36
v 0.91 0.54 0.36
v 0.94 0.55 0.36
v 0.94 0.54 0.36
v 0.92 0.53 0.36
v 0.90 0.52 0.36
v 0.87 0.52 0.31
v 0.86 0.53 0.28
v 0.87 0.51 0.33
v 0.89 0.52 0.31
v 0.91 0.52 0.30
v 0.94 0.52 0.29
v 0.94 0.52 0.31
v 0.92 0.52 0.31
v 0.90 0.51 0.33
v 0.87 0.48 0.31
v 0.86 0.47 0.28
v 0.87 0.49 0.33
v 0.89 0.48 0.31
v 0.91 0.48 0.30
v 0.94 0.48 0.29
v 0.94 0.48 0.31
v 0.92 0.48 0.31
v 0.90 0.49 0.33
v 0.87 0.39 0.16
v 0.87 0.64 0.05
v 0.87 0.53 0.08
v 0.87 0.47 0.08
v 0.86 0.59 0.24
v 0.86 0.53 0.24
v 0.87 0.49 0.16
v 0.87 0.51 0.16
v 0.86 0.37 0.28
v 0.86 0.63 0.28
v 0.86 0.35 0.33
v 0.86 0.45 0.36
v 0.86 0.53 0.44
v 0.86 0.51 0.46
v 0.86 0.66 0.38
v 0.87 0.59 0.08
v 0.87 0.61 0.16
v 0.73 0.39 0.33
v 0.16 0.58 0.30
v 0.16 0.42 0.30
v 0.16 0.45 0.35
v 0.08 0.49 0.27
v 0.08 0.51 0.27
v 0.08 0.44 0.24
v 0.16 0.55 0.35
v 0.18 0.61 0.07
v 0.58 0.76 0.05
v 0.60 0.38 0.13
v 0.78 1.00 0.07
v 0.86 0.36 0.02
v 0.78 0.00 0.07
v 0.20 0.45 0.41
v 0.18 0.57 0.35
v 0.20 0.59 0.34
v 0.19 0.57 0.37
v 0.20 0.41 0.34
v 0.18 0.43 0.35

# Faces

f 310 32 294
f 76 308 306
f 294 88 33
f 310 31 32
f 88 294 32
f 87 33 88 78
f 87 78 298
f 298 76 306
f 298 78 76
f 95 3 96 4
f 4 287 43 95
f 94 2 3 43
f 3 2 93 96
f 41 1 93 42
f 41 42 287
f 43 3 95
f 287 42 94 43
f 42 93 2 94
f 96 93 1
f 275 98 54
f 96 223 286 287
f 97 277 155
f 276 281 280 277
f 276 275 289
f 283 282 128 279
f 283 290 275
f 257 51 248
f 282 303 97
f 96 6 106
f 303 12 97
f 104 285 223
f 97 155 274
f 284 282 266
f 286 288 287
f 137 128 282
f 283 279 278
f 248 288 286
f 6 105 106
f 275 54 283
f 284 266 285
f 96 287 4
f 284 285 104
f 248 51 288
f 283 278 290
f 274 137 282
f 289 275 290
f 97 12 98 275
f 48 107 45
f 96 106 104
f 282 283 257 266
f 97 275 276 277
f 104 223 96
f 257 283 51
f 97 274 282
f 128 280 281 279
f 287 288 48
f 287 48 45
f 309 31 310
f 294 33 295
f 108 118 39
f 80 79 74 73
f 49 47 48
f 5 1 91 24
f 10 291 20 19
f 294 295 38
f 78 77 76
f 81 82 111 112
f 65 66 46 47
f 30 309 310
f 5 105 6
f 30 29 26 309
f 68 62 59 299
f 78 88 89 77
f 118 38 295 119
f 83 81 112 113
f 64 65 47 49
f 35 37 36
f 23 8 7
f 24 91 90 305
f 62 52 53 59
f 296 85 109 114
f 79 292 75 74
f 50 49 288
f 22 23 27
f 282 10 11 303
f 293 294 297
f 71 72 92 67
f 112 39 113
f 310 294 293
f 305 90 89
f 308 70 307
f 296 87 298
f 114 39 119
f 71 77 72
f 45 107 44
f 8 23 22
f 7 5 24 23
f 287 44 41
f 307 69 74 75
f 92 91 1 41
f 63 62 68
f 28 29 34 35
f 105 7 8 106
f 32 89 88
f 49 48 288
f 82 81 299
f 115 37 297 108
f 113 39 110
f 73 74 69 68
f 29 30 293 34
f 291 104 9
f 22 27 309
f 54 53 52 283
f 83 79 80
f 83 80 81
f 48 47 46 107
f 25 20 21 26
f 301 11 10 19
f 39 115 108
f 306 307 75
f 110 39 109
f 292 298 306
f 306 308 307
f 70 66 65
f 294 38 297
f 5 6 96
f 85 84 110 109
f 62 63 50 52
f 102 25 28
f 9 106 8
f 310 293 30
f 70 71 66
f 77 89 90 72
f 66 71 67
f 297 37 34 293
f 106 9 104
f 25 19 20
f 44 107 46
f 85 296 298
f 117 101 36 116
f 111 39 112
f 307 70 65
f 35 34 37
f 23 305 27
f 102 301 19 25
f 50 288 51
f 80 73 299
f 84 298 292
f 49 50 63 64
f 32 305 89
f 1 5 96
f 32 31 27 305
f 66 67 44 46
f 296 295 33 87
f 291 10 282
f 81 80 299
f 309 27 31
f 84 85 298
f 116 36 37 115
f 292 79 83 84
f 283 52 51
f 309 26 21 22
f 284 291 282
f 102 36 101
f 65 64 69 307
f 295 296 114 119
f 73 68 299
f 39 116 115
f 105 5 7
f 23 24 305
f 39 117 116
f 77 71 76
f 109 39 114
f 297 38 118 108
f 75 292 306
f 39 118 119
f 21 20 291 9
f 9 8 22 21
f 287 45 44
f 71 70 308 76
f 84 83 113 110
f 67 92 41 44
f 25 26 29 28
f 104 291 284
f 102 28 35
f 69 64 63 68
f 72 90 91 92
f 52 50 51
f 102 35 36
f 16 15 17
f 304 15 16
f 300 57 60
f 14 13 304
f 59 53 55 57
f 60 57 58
f 18 301 103
f 300 59 57
f 304 13 15
f 56 55 53 54
f 15 13 11 301
f 61 59 300
f 57 55 302
f 103 301 102
f 17 15 301
f 303 11 13 14
f 58 57 302
f 302 55 56
f 17 301 18
f 299 59 61
f 302 56 54
f 18 103 40
f 16 17 99
f 86 61 300
f 99 304 16
f 303 14 304
f 99 303 304
f 17 18 99
f 302 54 100
f 58 302 100
f 100 86 300
f 18 40 99
f 100 60 58
f 100 300 60
f 101 117 111 82
f 102 101 82 299
f 117 39 111
f 99 100 54 303
f 303 54 98 12
f 86 100 99 40
f 40 103 61 86
f 299 61 103 102
f 238 255 246
f 194 202 201 193
f 153 162 163 154
f 144 153 154 145
f 184 194 193 182
f 238 246 237
f 272 234 232 271
f 236 237 235 234
f 204 195 186
f 134 143 144 135
f 143 152 153 144
f 204 203 195
f 237 246 245 235
f 273 236 234 272
f 238 237 236
f 185 184 182 183
f 135 144 145 136
f 154 163 146
f 195 203 202 194
f 235 245 244 233
f 264 273 272 263
f 219 185 183 218
f 187 186 184 185
f 136 145 146
f 161 169 170 162
f 204 220 212
f 255 264 263 254
f 234 235 233 232
f 186 195 194 184
f 145 154 146
f 152 161 162 153
f 204 212 203
f 246 255 254 245
f 238 236 273
f 204 187 220
f 169 125 126 170
f 126 135 136 127
f 163 171 146
f 203 212 211 202
f 245 254 253 244
f 238 273 264
f 211 219 218 210
f 170 126 127 171
f 127 136 146
f 162 170 171 163
f 202 211 210 201
f 238 264 255
f 254 263 262 253
f 212 220 219 211
f 171 127 146
f 125 134 135 126
f 204 186 187
f 220 187 185 219
f 263 272 271 262
f 251 260 259 250
f 209 217 216 208
f 157 165 166 158
f 132 141 142 133
f 179 178 176 177
f 215 177 175 214
f 270 230 228 269
f 227 241 240 225
f 191 199 198 190
f 150 159 160 151
f 131 140 141 132
f 177 176 174 175
f 230 231 229 228
f 269 228 226 268
f 229 242 241 227
f 192 200 199 191
f 139 148 149 140
f 130 139 140 131
f 180 192 191 178
f 228 229 227 226
f 268 226 224 267
f 231 243 242 229
f 176 190 189 174
f 140 149 150 141
f 149 158 159 150
f 190 198 197 189
f 243 252 251 242
f 259 268 267 258
f 216 179 177 215
f 181 180 178 179
f 121 130 131 122
f 167 123 124 168
f 208 216 215 207
f 250 259 258 249
f 252 261 260 251
f 198 207 206 197
f 158 166 167 159
f 123 132 133 124
f 166 122 123 167
f 207 215 214 206
f 261 270 269 260
f 241 250 249 240
f 199 208 207 198
f 159 167 168 160
f 122 131 132 123
f 165 121 122 166
f 217 181 179 216
f 260 269 268 259
f 242 251 250 241
f 200 209 208 199
f 148 157 158 149
f 141 150 151 142
f 178 191 190 176
f 226 227 225 224
f 225 240 239 222
f 164 120 121 165
f 128 137 138 129
f 196 205 289 290
f 265 221 285 266
f 206 214 213 205
f 138 147 148 139
f 174 189 188 172
f 249 258 256 247
f 221 222 223 285
f 155 277 164 156
f 274 155 156 147
f 213 173 281 276
f 258 267 265 256
f 189 197 196 188
f 120 129 130 121
f 173 172 279 281
f 239 247 248 286
f 205 213 276 289
f 137 274 147 138
f 156 164 165 157
f 224 225 222 221
f 247 256 257 248
f 172 188 278 279
f 280 128 129 120
f 188 196 290 278
f 256 265 266 257
f 214 175 173 213
f 147 156 157 148
f 175 174 172 173
f 240 249 247 239
f 222 239 286 223
f 277 280 120 164
f 129 138 139 130
f 197 206 205 196
f 267 224 221 265
f 233 244 243 231
f 124 133 134 125
f 262 271 270 261
f 142 151 152 143
f 253 262 261 252
f 151 160 161 152
f 244 253 252 243
f 160 168 169 161
f 201 210 209 200
f 271 232 230 270
f 133 142 143 134
f 232 233 231 230
f 183 182 180 181
f 218 183 181 217
f 182 193 192 180
f 210 218 217 209
f 193 201 200 192
f 168 124 125 169
